#time: 0.0003086210163739808 #full perfect abrupt time
time: 0.0033787705211349608 #full perfect circular time
steps: 15000
Delta: -54083715.725774
J: 3.25737133530311e-19
cOpts:
  D: 4.0e-07
  cOffset: [0, 0, 0]
  d: 4.0e-08
  pJit: True
  rstd: 1.0e-09
  tau: 0.0033787705211349608 #full perfect circular time
circ: True
r: [0, 0, 4.0e-08]
